[mpc]

t_scaling        = 5.4526315789473685
alpha_curv_speed = 0.11111111111111112

base_weight = 10.0
peak_weight = 500.0

max_v_theta = 0.13
mu = 0.008